,0,1,2,3,4,5,6,7,8,9,10,11,12,13,14,15,16,17,18,19,20,21,22,23,24,25,26,27,28,29,30,31,32,33,34,35,36
0,-1.47610100289,-2.44152294554,-1.31175984494,-2.47363245947,-2.05124224997,-5.72324814118,-7.07229776803,-5.49305476703,-2.81018121455,-3.62145910529,-4.72571752645,-5.79483623979,-5.11381259793,-2.21154501846,-5.11844765181,-4.0298238979,-4.01591302463,-3.58880235758,-1.28590525931,-0.863033196261,-1.25980378632,-1.37798836664,-1.20984643093,-1.76117358759,-1.2601391823,-1.35755339495,-1.5567186544,-1.10975931552,-2.24404427274,-1.68645963617,-2.32868955726,-3.15229059121,-1.68836429708,-1.66399832753,-1.40198759008,-2.01677139595,-1.65070004543
1,-1.424788277,-2.35644667324,-1.31561249896,-2.40981568156,-2.05112543528,-6.18614017522,-7.0483214053,-5.302330406,-3.18697984837,-3.67765762322,-4.65657643034,-6.00970455259,-5.21129663999,-2.03389521603,-4.84243658982,-4.35706070205,-3.98823745199,-3.4460280525,-1.2633689324,-0.854478251819,-1.27941734163,-1.38832220355,-1.22569619577,-1.72314945902,-1.2858937331,-1.36117913924,-1.65054016547,-1.11623474009,-2.58327769113,-1.68046522351,-2.17562119933,-3.17855963161,-1.68306431758,-1.73400877118,-1.40342837662,-2.06029338809,-1.58274201177
2,-1.45798371521,-2.43586532985,-1.27293000308,-2.57944504865,-1.93995179517,-5.90005751154,-7.0613038768,-5.13012263419,-3.00198621526,-3.86429835101,-4.54623148018,-6.14300433431,-5.00334698954,-1.79712642398,-5.05477526281,-4.00147041533,-3.65138212177,-3.28501152848,-1.32024692726,-0.882484896128,-1.25676958526,-1.39141624206,-1.20796357691,-1.85410954278,-1.25129152998,-1.38361364968,-1.77725020355,-1.08811373095,-2.22423639414,-1.65326718882,-2.33685915846,-3.15898301389,-1.77692158217,-1.70613784328,-1.40610093318,-2.12935470339,-1.62964924103
3,-1.47667983404,-2.31762907834,-1.29280993441,-2.61038783031,-2.03006818922,-5.90143861202,-7.04293183316,-5.21901524707,-2.97282088854,-3.57208204789,-4.39315579757,-6.00591120023,-5.04893711653,-2.04518763633,-4.90232292517,-4.2270817597,-3.95105825091,-3.58018397366,-1.30853038835,-0.854014678138,-1.29311566347,-1.39553729089,-1.21172335092,-1.89998125456,-1.26398233503,-1.39126070131,-1.68760437,-1.07250674212,-2.14925621101,-1.68565698548,-2.40279924551,-3.25302708633,-1.58931923142,-1.72495968437,-1.40692469548,-1.97185503817,-1.65001785746
4,-2.89196689777,-3.73463828213,-2.36863771456,-4.54301299574,-4.35151442165,-6.32510891258,-7.07429620809,-6.44786993666,-5.38242970039,-5.75466707763,-5.47298338551,-6.56919121227,-5.08091384346,-3.7009920103,-6.17019168862,-4.97377565727,-5.25539614437,-4.75563406428,-2.15196344712,-1.17391364704,-2.67779569768,-3.2472220906,-2.61667827398,-2.71635391508,-2.07035333899,-2.71224079549,-3.47162003977,-1.7226474092,-4.02251369277,-4.35990211505,-4.19252279527,-4.425239449,-3.00797175067,-3.75290724388,-2.6435199939,-3.78612006565,-3.40395329038
5,-2.61961699661,-3.76306135851,-2.36314053774,-4.47239829488,-4.46285628551,-6.1502229593,-7.04060279374,-6.5908741356,-5.51723667057,-5.46816532617,-5.31427758374,-6.59567704019,-4.94098900606,-3.95106682068,-6.38060640458,-4.97410632873,-5.16575324263,-4.65786897966,-1.90709274761,-1.04171721123,-2.39893299652,-3.04578166825,-2.59295521842,-2.54614754772,-2.10436820292,-2.59513745595,-3.35735154374,-1.65820346457,-4.03688553898,-3.60954264085,-4.12035346577,-4.45381307471,-3.05332669121,-3.59213151477,-2.10069819818,-4.0602139418,-3.88048030325
6,-1.42641368356,-2.49074339533,-1.29484451601,-2.510748906,-2.02919604852,-6.05312832043,-7.01722009386,-5.31196258552,-3.00653505025,-4.18543169176,-4.27950140466,-5.82175567626,-4.97631987859,-1.86698085602,-4.792084275,-3.68910852071,-4.05455139165,-3.50144791378,-1.28981499518,-0.88561196655,-1.23913363895,-1.3924280375,-1.22973281309,-1.68204156671,-1.29867313085,-1.37248907272,-1.59010341938,-1.08426102596,-2.55018312012,-1.65175089611,-2.38633918868,-3.11069913094,-1.81595350377,-1.71993519999,-1.37121985694,-2.13831570667,-1.62469651555
7,-3.05813335861,-3.55474794675,-2.44713600508,-4.51272659483,-4.04864433473,-6.0496406797,-7.04702364941,-6.57610193196,-5.76862541215,-5.5887463026,-5.39457805593,-6.60617274827,-5.12377389607,-3.84687939604,-6.45129867147,-4.88422114024,-5.21121906099,-4.63655515172,-2.25254035095,-1.37126251149,-2.24656246225,-3.21530469351,-2.62224726463,-3.10891021019,-2.0465832363,-2.60985866538,-3.67797249708,-1.79553962666,-3.84064709263,-3.34060699156,-4.39044104462,-4.15264654189,-2.95008899859,-3.88937881709,-2.61942850564,-4.1744711334,-3.67731867012
8,-1.42503539756,-2.36528140032,-1.27937034115,-2.59872269345,-2.36937747388,-6.34950573695,-7.02814501196,-5.5009824971,-3.14010223651,-3.74748570728,-4.34217659269,-5.99638155706,-4.96199424789,-2.00626782362,-4.7985924647,-3.91908212462,-3.93709945033,-3.50087547656,-1.32781656618,-0.872989236748,-1.21470684027,-1.38896157015,-1.22733605999,-1.75712111424,-1.25192345626,-1.37519704567,-1.72834275369,-1.09518786909,-2.48802017026,-1.6623656269,-2.33027863618,-3.04313418982,-1.62415508641,-1.72333472494,-1.4120066471,-1.97127126147,-1.65160850041
9,-1.47430237296,-2.39829526778,-1.30741802721,-2.72636514855,-2.23760974329,-5.97788802715,-7.07396342733,-4.87855780289,-3.09727310665,-4.06300887868,-4.6288030147,-5.86541947268,-5.23390473691,-2.12143187401,-4.78778551137,-3.85831298431,-3.68956559219,-3.37669675011,-1.26902892788,-0.877947498357,-1.24418933497,-1.39845170388,-1.22607404279,-1.88454341434,-1.30729540952,-1.39778273368,-1.65847441504,-1.08941962401,-2.23482898222,-1.65912601262,-2.34888628326,-3.2104957982,-1.81625830784,-1.69796605583,-1.37391946527,-1.98671476568,-1.59236122941
10,-2.82268696197,-4.06727178457,-2.79796736818,-4.69246888956,-3.99193910372,-6.25044232266,-7.06281244971,-6.73691991906,-5.24273302245,-5.55459901988,-5.74058018696,-6.58454924391,-5.43395904484,-3.80480933199,-6.41355902846,-5.36640055232,-5.19233038991,-4.71630267232,-2.04141934582,-1.19337375395,-2.23241870109,-3.12450043754,-2.83008937893,-3.10259117061,-2.25628530323,-2.47838697979,-3.45562343673,-2.06671788034,-4.02704969716,-3.39370310063,-4.12400731368,-4.59700955314,-3.07575258726,-3.84868649898,-2.63203556864,-3.8338849338,-3.44000245864
11,-2.68610511689,-3.5395489131,-2.42185682401,-4.4901571223,-4.42167421413,-6.06890861155,-7.10765004868,-6.66022763808,-5.29671216436,-5.64466042167,-5.28134602961,-6.55286508481,-5.30108968054,-3.93387440517,-6.42337340676,-4.8010865729,-5.15963753654,-4.94726504583,-2.28126648864,-1.18421882358,-2.23903341149,-2.97311694479,-2.68178266174,-2.68788439538,-2.28236611457,-2.48802308156,-3.60549001166,-1.71536719966,-3.78516518602,-4.17573290416,-3.98149375556,-4.40259591433,-2.71620306953,-3.77757308699,-2.41181134943,-3.95089609451,-4.14528481223
12,-1.48754654896,-2.42137817706,-1.26916820599,-2.76060163533,-2.26118454993,-5.98793751373,-7.03342251641,-5.01926544972,-2.99210629399,-3.85104167735,-4.61197545912,-6.02722375254,-4.86464991202,-1.9423280944,-4.40872046347,-3.83308498414,-3.73119690823,-3.2386166991,-1.31057731151,-0.877479804709,-1.32293445576,-1.37677686062,-1.22988810707,-1.90055601686,-1.27679304478,-1.39772771048,-1.71646448389,-1.09687426766,-2.52912256174,-1.68038752044,-2.21662993837,-3.146684406,-1.5813095267,-1.74261161162,-1.41760323131,-2.0345829653,-1.64989928814
13,-2.29740307874,-4.09233510201,-2.08045287525,-4.40716350216,-4.45881720717,-6.18728683071,-7.07169460411,-6.74584240611,-5.67911845358,-5.63622725465,-5.46723704126,-6.59306327929,-5.27534970875,-3.83598219957,-6.04456013824,-5.06610692535,-5.25334534507,-4.69585326729,-2.14935080024,-1.12291278759,-1.83432230037,-3.48478010353,-2.55462254348,-2.70797237873,-2.64785017291,-2.36981879614,-3.34758044259,-1.87928533217,-3.87974708733,-3.77193275806,-4.22753088733,-4.26329938585,-2.89330639311,-3.70554371125,-2.4580152131,-4.00933154704,-3.45523847508
14,-1.44964501128,-2.36151361011,-1.29440693191,-2.6979846133,-1.99414677237,-6.30771892961,-7.0289472945,-5.04386739727,-2.85514916194,-3.39470091825,-4.45321624167,-5.82848474746,-4.91838058473,-2.10308026804,-4.28106460948,-4.00746692868,-3.5620869231,-3.18266905227,-1.29754005428,-0.869744806477,-1.25673810667,-1.3913481849,-1.22129785974,-1.83957722882,-1.28134246669,-1.3848384982,-1.66925094832,-1.08177999315,-2.3032053912,-1.6732969798,-2.08763036498,-3.42093012716,-1.66164300738,-1.71376856595,-1.40122159786,-1.96408752839,-1.68897819446
15,-1.48314185518,-2.42586695475,-1.27452695676,-2.7566579799,-2.09466212477,-6.03589601632,-7.017898976,-4.84842801174,-2.91212664631,-3.88941824991,-4.38016306747,-5.94017758323,-5.45719002076,-2.09256906684,-4.97763521411,-4.26197732068,-3.94886682478,-3.47523418411,-1.31273699394,-0.855748377499,-1.28256524161,-1.37402795984,-1.21727284502,-1.8094518622,-1.25953302416,-1.38294732807,-1.79127090327,-1.09560510005,-2.27330437112,-1.67991267983,-2.29540359615,-2.78168463164,-1.76026422965,-1.72054238515,-1.41000691537,-2.09021019546,-1.6586445359
16,-1.48060492597,-2.32718485964,-1.32078619048,-2.75796715159,-2.00290779001,-6.16944485197,-7.02738208456,-4.89146926972,-2.93822152699,-4.08391582637,-4.43122062535,-5.80862107093,-5.15327967041,-2.16242699625,-4.91390489204,-3.86369666171,-3.61588570843,-3.61682933927,-1.2952766037,-0.86939723401,-1.29183026929,-1.39222433271,-1.22003057513,-1.81022489252,-1.25676832957,-1.37260868698,-1.74550502674,-1.12867029466,-2.3669255411,-1.63637259432,-2.37560484543,-3.21060862443,-1.70002060027,-1.73332624088,-1.4218762607,-1.98178010943,-1.66405315903
17,-1.44327740413,-2.61263121968,-1.29680409173,-2.42706740375,-1.84917540884,-6.23043508673,-6.98299352017,-5.1769395241,-3.28185461563,-3.86792906206,-4.93907800904,-6.17909064034,-4.83368845441,-2.03870313456,-4.8285923788,-4.13254508469,-3.72205586895,-3.26248893696,-1.27324489373,-0.872645224549,-1.25843171577,-1.39889715509,-1.23040066716,-1.75258176906,-1.24178525144,-1.38265485831,-1.66062480784,-1.0966583132,-2.47986696824,-1.67713995638,-2.36592913983,-3.04699138414,-1.88195271526,-1.77592560064,-1.42257957226,-2.12751009947,-1.60352741792
18,-1.4795219834,-2.25667250769,-1.29077344428,-2.56810159431,-2.0862189022,-6.05929618238,-7.06268540944,-5.13313935058,-3.08084645066,-3.72369088262,-4.6451666794,-6.03649262331,-5.30493153131,-2.10068167118,-4.97200970574,-4.26226802936,-3.60478763514,-3.38074753843,-1.23912565007,-0.855850978777,-1.22824444852,-1.40355070298,-1.2375296413,-1.82316814717,-1.26883171417,-1.35966877037,-1.62429959444,-1.09908879472,-2.38084627547,-1.66922746707,-2.37827841266,-3.40837200579,-1.70375576955,-1.71582427691,-1.37667381246,-2.11951084209,-1.6216513664
19,-1.47279716954,-2.34122358258,-1.29668038046,-2.82025073151,-2.08784359534,-6.05826061311,-7.06446789934,-5.16321381903,-2.90368569856,-3.48674799453,-4.54920894996,-6.08183222738,-4.81362315831,-2.2462859736,-4.67820957053,-4.08962997167,-4.11667254701,-3.32287669081,-1.32004289034,-0.868634256784,-1.27628854249,-1.39016537895,-1.21673320608,-1.79393807515,-1.2780268009,-1.36234171957,-1.68784672169,-1.09391753714,-2.07220649701,-1.68715222749,-2.38839173084,-3.20130844004,-1.71083101035,-1.69394889706,-1.4395766601,-2.08408623807,-1.63415429671
20,-1.4928117916,-2.30844053192,-1.28237425261,-2.61800264143,-1.9239174555,-5.95485012982,-6.99504787479,-4.65989339143,-2.79539292349,-4.08286887522,-4.6399287582,-5.91196501837,-5.25808913983,-2.02936067999,-4.87542810537,-3.99743185233,-4.02334521679,-3.5928600509,-1.29802687587,-0.842263294946,-1.24658730179,-1.40833457757,-1.2200932156,-1.7605695807,-1.28012598521,-1.35845967324,-1.78342275128,-1.10133404884,-2.45293531135,-1.65283688128,-2.27099561333,-3.31898032939,-1.78819487466,-1.72863669077,-1.41230724883,-2.08283210694,-1.67656415071
21,-2.36307585057,-3.69238570625,-2.49472867874,-4.48927052205,-4.08481965296,-6.0504709665,-7.01180044554,-6.10739153751,-5.47089711074,-5.62535032085,-5.35498992017,-6.57039958826,-5.14409881465,-3.64090381428,-5.95065849434,-5.10832699166,-5.44486372606,-4.62138189076,-2.19706603203,-0.980339428153,-2.63955382693,-2.86611252836,-2.9420583374,-3.23272857919,-2.17590063287,-2.53356417543,-3.23282030657,-1.84549062202,-3.84071342048,-3.3781847792,-4.16586549533,-4.52222859572,-2.97001594516,-3.90029138423,-2.74505565946,-4.01888092988,-3.60698516443
22,-2.54145777769,-3.61473057161,-2.48650249274,-4.52518070056,-4.22956375978,-6.20988400899,-6.91750528273,-6.81011392418,-5.24285817019,-5.63405795834,-5.51092682002,-6.56547331676,-5.20269754407,-3.55111619331,-6.26279557082,-4.98633350897,-5.14917475691,-4.8468643321,-2.01182071925,-1.21998421068,-2.47849645459,-2.76855930932,-2.71843198615,-3.08807485306,-2.28465291091,-2.62627881862,-3.24485317207,-1.91280798397,-4.02866783512,-3.92985354781,-3.9987250449,-4.71985794264,-2.81531257162,-4.14109718674,-2.55695323324,-4.24340384844,-3.45333854935
23,-1.46833042488,-2.4426600949,-1.28049839122,-2.58567138354,-1.94798524314,-6.11246366236,-7.12104242087,-5.05739558017,-3.01314734953,-3.98138509334,-4.35932064724,-6.25980615582,-4.78463492235,-1.97020354379,-4.74928453289,-3.97050070982,-3.87250530859,-3.62286514184,-1.28613932014,-0.864458651265,-1.306862625,-1.41032269151,-1.20180333131,-1.90519826383,-1.31767466656,-1.38275277104,-1.70774429275,-1.09774892444,-2.23289750305,-1.66089318643,-2.46131154372,-3.2014691894,-1.94303301549,-1.700802416,-1.43928365998,-2.02955401389,-1.65777160065
24,-1.46193116398,-2.21265403749,-1.28427257377,-2.70854991006,-2.18502504235,-6.07747538389,-7.13424858396,-5.22724607147,-3.09030183497,-3.59947135648,-4.44822939815,-6.04548662164,-4.97493206077,-2.0504410496,-4.62282037202,-4.10638530556,-4.08328221473,-3.46359309844,-1.28985679782,-0.848708526452,-1.28315901277,-1.39238608975,-1.22419980874,-1.79882726673,-1.27384990239,-1.37261180346,-1.64315724768,-1.08235744339,-2.27460248123,-1.69780431713,-2.44459352881,-2.98432501493,-1.5398695146,-1.74877157392,-1.40590958452,-2.07290844585,-1.64282140724
25,-2.44130259119,-3.68011206096,-2.28288879541,-4.89209894918,-4.33571231715,-6.23523957368,-6.9626772187,-6.56891312761,-5.64630718661,-5.55363916457,-5.55828801936,-6.53280248089,-5.5798444982,-3.94914584914,-5.99951616566,-5.13243936889,-4.76279791747,-4.79289490215,-1.78150577309,-1.1977096068,-2.55139202207,-3.12944225228,-2.59800121338,-2.46567061821,-2.65859418001,-2.45172204485,-3.53226074352,-2.034986496,-4.21224480605,-4.01630688652,-4.15488186943,-4.68719592851,-2.84793761407,-3.54049131441,-2.60275953365,-3.99806164722,-3.53612993063
26,-2.81889885387,-4.24310164591,-2.39716997856,-4.56536622688,-4.56389689733,-6.12031551377,-7.05968415411,-6.9462258506,-5.47312410724,-5.54988381091,-5.39117641858,-6.55838915938,-5.50185397974,-3.94843868421,-6.05392822704,-4.94797709815,-4.93904047839,-4.80902112628,-2.26347547088,-1.04535347396,-2.39283013375,-2.854170914,-2.85294602101,-2.97900703516,-2.30685098551,-2.60002550511,-3.81486247441,-1.82504190536,-4.0056717339,-3.67685975706,-4.1846172177,-4.16575957989,-2.76278889493,-3.94725148177,-2.5599734689,-3.86456198686,-3.72621784679
27,-1.49956609197,-2.47786637345,-1.30534985917,-2.66072681199,-2.13746404571,-6.05779337213,-7.12352977008,-4.59183164326,-2.88981021608,-3.87620749479,-4.87101436064,-5.92794181678,-4.72617881741,-1.80915523443,-4.9441215082,-4.14438915122,-3.84457431326,-3.41159586802,-1.3351801489,-0.87276115063,-1.22216318208,-1.41215825715,-1.22835155987,-1.7485455028,-1.27965125147,-1.37376552709,-1.64015264474,-1.0940848005,-2.2775770675,-1.63264227607,-2.09865554001,-3.18221800788,-1.7139380936,-1.65687482511,-1.40813988979,-2.12359340532,-1.63463534743
28,-1.46822113959,-2.40181204326,-1.3095257665,-2.57339336738,-2.13147860971,-5.7649992021,-6.98314709216,-4.73399427345,-2.81252815756,-3.70981365861,-4.87379526907,-6.00568005695,-4.86194405587,-2.10202169613,-4.38820201531,-4.28426117265,-4.04140727989,-3.36979154139,-1.27048428359,-0.870107633386,-1.28912842496,-1.38844138994,-1.22757240163,-1.80470824556,-1.21496724992,-1.3799183563,-1.53250805614,-1.09820541594,-2.34273048797,-1.63623605054,-2.39102564143,-3.14775465763,-1.74540539851,-1.68750581608,-1.40267970036,-2.06433779601,-1.63396489588
29,-1.46046438887,-2.56748366274,-1.31028138928,-2.53610362291,-1.96336304559,-6.27337149211,-7.05577622626,-5.46138811502,-3.32115315785,-3.57082115126,-4.56716110226,-5.90143547388,-5.4493728505,-2.08359082503,-4.61359608789,-4.02970211147,-4.05478268464,-3.69574239713,-1.29268181965,-0.843600961184,-1.29613381225,-1.37675021601,-1.19782264646,-1.86171613346,-1.26064724439,-1.38257591048,-1.75561268045,-1.10265357319,-2.21901179825,-1.67243359721,-2.19368194908,-2.97709094347,-1.67142974193,-1.66817166915,-1.39856509166,-1.91905214874,-1.69495466293
30,-1.50131632699,-2.37378096344,-1.30423207269,-2.87970670359,-2.06695287953,-6.20702508934,-7.04279905979,-5.32123449268,-3.0768819674,-3.8146405985,-4.95884166339,-6.03921933772,-5.20922489016,-2.19717816034,-4.85597532557,-4.35277503228,-3.71877307221,-3.13157492215,-1.29927573412,-0.87185433325,-1.21683387935,-1.37716624951,-1.23664731979,-1.7861638058,-1.25325909706,-1.3777368089,-1.67178795513,-1.08201693695,-2.338798707,-1.6493461969,-2.32756937348,-3.33507239049,-1.75498212951,-1.68018197666,-1.40654451326,-2.11804668257,-1.65606125657
31,-2.52238516562,-3.66654923889,-2.06434944689,-4.4536731539,-4.12507849948,-6.24319138181,-6.98057468724,-6.46915638296,-5.55821647122,-5.56454332998,-5.36733501546,-6.59643947124,-5.19294297234,-3.77343668915,-6.23660412857,-4.91802698732,-5.27626527128,-4.70516049858,-1.97507276166,-1.09941297553,-2.31162131885,-3.31647339342,-2.09154446707,-3.07289645548,-2.44638094354,-2.72385731896,-3.62064767761,-1.65269800284,-3.54765075609,-3.5399678723,-4.31260022929,-4.44957835485,-3.1712051121,-3.5730629072,-2.62483107507,-4.03406020309,-4.05393944706
32,-2.40310747875,-4.107608724,-2.1836034289,-4.55435508804,-3.94897471743,-6.23837385649,-6.94647113207,-6.35418331061,-5.51957762754,-5.59380860506,-5.29765901263,-6.58469397486,-5.43126601488,-3.83536494803,-6.31913063089,-4.93164726793,-4.95199480757,-4.79435485333,-2.14285583383,-1.07626344518,-2.65422104681,-3.16203926188,-2.19561890627,-2.79766672287,-2.37099178029,-2.49329355497,-3.28691005946,-1.55034256479,-3.85211867841,-3.77998665311,-4.52984516291,-4.78762489059,-2.85216891272,-3.75034958626,-2.53190280518,-4.13455827713,-3.84337826917
33,-2.73435997233,-3.79172173094,-2.39159006152,-4.55891990402,-4.18932612892,-6.08876602107,-6.98699523386,-6.79604387452,-5.45187355031,-5.48747232305,-5.46640375006,-6.58303560308,-5.12081726264,-3.84234071823,-6.13648712265,-5.09718545272,-5.18827545299,-4.83649645613,-1.84886280887,-1.00440901919,-2.39881604675,-3.09562500692,-2.37504135857,-2.7174332029,-2.38475785068,-2.50243794048,-3.73494216498,-1.96091577641,-4.27160828372,-3.56107160068,-4.17134293724,-4.60753880613,-3.18358389271,-3.93997803526,-2.38128543468,-4.31527595597,-3.23191943169
34,-2.44662572442,-3.98236814696,-2.2924636775,-4.54012501226,-4.29192404051,-6.15968872779,-7.01155618175,-6.18245267847,-5.33666550881,-5.6169881422,-5.52828571488,-6.59842551533,-5.26207546445,-3.7565962191,-6.13219241271,-5.13995305035,-4.99264922653,-4.92934652929,-2.17957873356,-1.05180779023,-2.58229457752,-2.68511029965,-2.63523415337,-3.32770195068,-2.31208654702,-2.77077558665,-3.86256440501,-2.01906327905,-3.86992085038,-3.61217925569,-4.24197124993,-4.83027300763,-2.82708704705,-3.37923524463,-2.90689858943,-3.86367627215,-3.33725021337
35,-2.60418955839,-3.48971307786,-2.06722900673,-4.90051569118,-4.2136523098,-6.24556611655,-7.01291655089,-6.67629889465,-5.59116862454,-5.55748324547,-5.40030717321,-6.60178427684,-5.21165016619,-3.74835700399,-6.4149629775,-5.09070097542,-5.20176440151,-5.01104621541,-2.18056027671,-1.03803658077,-2.65763830428,-3.24711410455,-2.56603621479,-2.96566262934,-2.29789507784,-2.45137480028,-3.7004146597,-1.78998934395,-4.2472919716,-3.63269643363,-4.04223074461,-4.40996977019,-3.0245875249,-3.92707317683,-2.54502506666,-4.12387852155,-3.97558061462
36,-2.40975067711,-3.34515190788,-2.5471262711,-4.57444984854,-3.93253366898,-6.24187448009,-6.91709753935,-6.68147783713,-5.58930769933,-5.54184295241,-5.34214827005,-6.56411144103,-5.14791282792,-3.8716860666,-5.91899505805,-4.8134226634,-5.33004981489,-4.52194849712,-2.17265003941,-1.01123958634,-2.09963287602,-3.3047493014,-2.70027426318,-3.13514555341,-2.09604987892,-2.65080761465,-3.25621492336,-1.72478755459,-3.83021754939,-3.237097268,-4.13657629991,-4.50986115581,-2.78689667955,-3.56093023027,-2.69347151167,-3.69949191106,-3.53609080693
37,-2.72282366332,-3.91455136029,-2.18183033636,-4.40193064475,-4.38188340436,-6.30701579696,-7.07136305584,-6.83528354519,-5.44690094623,-5.66858866641,-5.33390657297,-6.57767707457,-5.32140039249,-3.63005815985,-6.06480752188,-5.22008511928,-4.9899627394,-4.81314804832,-1.87129841572,-1.1586519804,-2.25171768828,-3.25424038238,-2.77173380222,-3.05341661702,-2.42616048821,-2.38531337966,-3.31436151125,-2.26376189183,-3.84528618933,-3.85527903914,-4.23512496297,-4.29189129492,-2.89115737706,-3.9337123875,-2.41039526487,-3.99316837541,-3.27067393753
38,-2.84438958631,-4.0460666673,-2.19722120868,-4.86510284958,-4.11445053831,-6.17624420169,-6.93666407102,-6.59012049605,-5.35303610588,-5.59909608544,-5.41360248831,-6.55073532624,-5.35816958974,-3.40657231016,-6.25863995979,-4.82803385479,-4.91335214183,-5.04202629962,-2.00449097826,-1.19133036608,-2.24116927005,-2.84166545345,-2.70067094461,-3.08031713077,-2.2383302603,-2.58581401595,-3.24802530013,-1.99203611421,-3.97604862928,-3.43691280669,-4.46092586394,-4.36337795821,-3.03375304868,-3.90526681057,-2.33053973422,-3.92488384533,-3.51927236642
39,-2.53599250312,-3.81179630052,-2.03248609103,-4.51406100327,-4.23479283082,-6.17921915542,-6.94236093769,-6.51584918595,-5.5702681059,-5.63808237606,-5.49716478743,-6.62238171476,-5.33230083814,-3.79012020793,-6.40957095785,-4.92487567609,-5.53457438967,-4.68240448839,-1.8509948302,-1.13469011573,-2.21444310683,-2.96390425815,-2.72917644993,-3.19603196546,-2.26480204084,-2.12807334209,-3.73631993934,-1.76205481935,-3.89822288325,-3.44274890099,-4.5047877489,-4.61032332742,-2.91819859241,-3.78953274603,-2.63151812004,-4.06706930193,-3.71329643137
40,-2.5741779368,-3.38338855698,-2.59113492711,-4.73553179716,-3.98534255718,-6.21481604302,-7.05604477504,-6.94019342878,-5.55057810263,-5.59562037395,-5.48184286516,-6.59536455086,-5.27565566315,-3.81349488339,-6.34432240646,-5.31901678628,-5.03955494247,-4.8078832131,-2.03692499664,-1.23785526149,-2.5030925664,-2.94474286441,-2.60954834239,-2.66185612397,-2.56863208858,-2.49168974741,-3.28746552169,-1.736915716,-3.66959922597,-3.7394853719,-4.56666609843,-4.34483877669,-3.11341652226,-3.93581343099,-2.66721966674,-3.90100185468,-3.51840411099
41,-1.45851583965,-2.46264068272,-1.28679094202,-2.75794773704,-1.9854184291,-6.17772384007,-7.0811614168,-5.07425589512,-3.01904074721,-3.62534405786,-4.68499170941,-5.92606966539,-5.17035045933,-2.30769410211,-4.95602038338,-3.78294101693,-4.00984015672,-3.58970606663,-1.28683044834,-0.864061477994,-1.31372176437,-1.40660182435,-1.21052343051,-1.92427156054,-1.24365107909,-1.38192818328,-1.70077910565,-1.08024763504,-2.18391434779,-1.64663683075,-2.22682228428,-2.97520266448,-1.77640009556,-1.68528144263,-1.42594953525,-2.07048972197,-1.64609197663
42,-2.3781412383,-3.64408580958,-2.35767533028,-4.78858871083,-4.44366232101,-6.28339243045,-7.02102606023,-6.65866903043,-5.38902994227,-5.61723547237,-5.46335098038,-6.61241039819,-5.49114622595,-3.61914790084,-6.20045579213,-4.93534355871,-5.25452587308,-4.63187629763,-2.09956024316,-0.868371394935,-2.23354969447,-3.21502372365,-2.7403526028,-2.43362082685,-2.15677453816,-2.4644644434,-3.61258326125,-2.09687713418,-4.05445969162,-4.1177425269,-4.03243763671,-4.71756541564,-3.17555624968,-3.93631714979,-2.34258615546,-4.26194789862,-3.45140654407
43,-1.49131872299,-2.29825471523,-1.25344570709,-2.75411452595,-2.09553721799,-6.31418046827,-7.09513917381,-5.09208396224,-3.11675902989,-3.7819555698,-4.69689971681,-6.00071102808,-4.8972414707,-2.18494044075,-4.70673099711,-4.16982655661,-3.57574727408,-3.80024169312,-1.28112694716,-0.889895462752,-1.26054458524,-1.38245580004,-1.24140748554,-1.91755953071,-1.26012012731,-1.39008511868,-1.59647953652,-1.06754731645,-2.14199566935,-1.69383828831,-2.30267758886,-2.85134668116,-1.83739562301,-1.75863039822,-1.4113589184,-2.07038508224,-1.64453237313
44,-2.70976096857,-3.80138374198,-2.83370688443,-4.59754978538,-4.32489433205,-6.20224846921,-7.02286183516,-6.44035473568,-5.1792951623,-5.59261510422,-5.61624337178,-6.65015637423,-5.33647817133,-3.5085318464,-6.45501335158,-4.95895707694,-5.34466953383,-4.78409444639,-2.23446567402,-0.893470451166,-2.28126299538,-3.61810417968,-2.59665026147,-3.10411880563,-2.54448074508,-2.27761409538,-3.2119126718,-2.04596300703,-3.88118009235,-3.91009295074,-4.01508352861,-4.38416499071,-2.61075135251,-3.70580484524,-2.74269893903,-4.0780719687,-3.73648265782
45,-1.48086918927,-2.15141929021,-1.28349718114,-2.57516521368,-2.02417276176,-6.28670808651,-7.08813919115,-5.29818587309,-2.66210823346,-3.51483943481,-4.23348248852,-5.91792264958,-5.08155983862,-2.06315892262,-4.85338744114,-4.12296660303,-3.77100938171,-3.54726123723,-1.30106586133,-0.859619458708,-1.25040669161,-1.37778262036,-1.21681311303,-1.75360424022,-1.28441813124,-1.37307469061,-1.64571192057,-1.11113434648,-2.17802923336,-1.63632942643,-2.36546525307,-2.79567923417,-1.76058545176,-1.64416177908,-1.44431684929,-1.93919469708,-1.61893077841
46,-3.03388103257,-3.65302278095,-2.40505000546,-4.55537868402,-4.11647421371,-5.97727519781,-7.05509491648,-6.65613938611,-5.3434769757,-5.5993542992,-5.38788087537,-6.58407470569,-5.34043837031,-3.62783153804,-6.13972859259,-4.9606444769,-5.05538025311,-4.62999306299,-2.26143101989,-1.35492499749,-2.25872310039,-3.31235164939,-2.62694564924,-3.12658597965,-2.36241370026,-2.51321318055,-3.62777669713,-1.85247495352,-4.44356773813,-3.83509003669,-4.13980082285,-4.07420985976,-2.98550897709,-3.73181824504,-2.71565252921,-3.98616553291,-3.86889526248
47,-2.43677552895,-3.53510525711,-2.32027234876,-4.52507827262,-4.1571392922,-6.1738466331,-6.91328555213,-6.83713187993,-5.5717182516,-5.5445762131,-5.46093370362,-6.56206255446,-5.42130613851,-3.98671524861,-6.35284984851,-5.07353924167,-5.289934637,-4.8765314119,-1.92385791699,-1.19682234349,-2.48276053704,-3.02611259705,-2.82126565164,-2.94228186116,-2.11743778772,-2.46197796287,-3.80554480303,-1.7867296038,-3.97679542994,-3.72404088741,-4.40179512291,-4.30158486596,-2.83591554946,-3.865020041,-3.00329881806,-3.93674714508,-3.72693858257
48,-2.65356050237,-3.59191795762,-2.21972868642,-4.58769296618,-3.78542541743,-6.08326226201,-7.03569785967,-6.52656402865,-5.65007676896,-5.61039707195,-5.36707790986,-6.56102282303,-5.44791767718,-3.74441000303,-6.29313592322,-4.93347154325,-5.00759679594,-4.61479508258,-2.10470245599,-1.17661081998,-2.49297952085,-3.21643033333,-2.62903182347,-2.33272434858,-2.15130023857,-2.66591318309,-3.30709508272,-2.0608701073,-4.27298846735,-3.82179809524,-4.25864127263,-4.43566838456,-2.79102076006,-4.25700215936,-2.7614318558,-3.9286162414,-3.53025581012
49,-1.44656698662,-2.34437456876,-1.29389102417,-2.48374457294,-1.96013734839,-6.0836225957,-7.07329747561,-5.11929842167,-3.0057968896,-4.03706951645,-4.45459378442,-5.76958905488,-5.1253032674,-1.97915383118,-4.53306883718,-4.21774320299,-3.85530204323,-2.95996175447,-1.30695351645,-0.876639382917,-1.26357230108,-1.40247520461,-1.20594923702,-1.76772653731,-1.2096112679,-1.38454801992,-1.67114818914,-1.11597167985,-2.2121040085,-1.65543627216,-2.47195722958,-2.93813735345,-1.61729410675,-1.6796127111,-1.40794514828,-1.99567154333,-1.67518886971
50,-1.47248562779,-2.45675985116,-1.26552103061,-2.56003647759,-1.98431323959,-5.89848822477,-7.0276259945,-5.06122412953,-2.99831578657,-3.52769814439,-4.40024162947,-5.62055685042,-5.36451549905,-1.92399652215,-4.69319202208,-4.4935415577,-3.87954400732,-3.21445534291,-1.34504059207,-0.878148810069,-1.2912174811,-1.38158978486,-1.24347826788,-1.77429517064,-1.25726735427,-1.38203043933,-1.59662350665,-1.09936719084,-2.20692386699,-1.67866252119,-2.25578991217,-3.10305729344,-1.73655548869,-1.75114929516,-1.40899495125,-1.9324874159,-1.61875374644
51,-1.48823266471,-2.58695595971,-1.28267994472,-2.67587875005,-1.99108539641,-6.15153267195,-7.04116862911,-5.44826564073,-3.10298796098,-4.07474532638,-4.65259045282,-6.01617699855,-4.87912111085,-1.90258841117,-4.49128517475,-4.12313264944,-3.76547083926,-3.29658281045,-1.30070561073,-0.852578093599,-1.21053530152,-1.36927973101,-1.21271075657,-1.81797647692,-1.25126755108,-1.36286145234,-1.90713824545,-1.11961003731,-2.35754169013,-1.61640315653,-2.15045169577,-3.50171110306,-1.73196952368,-1.66207981419,-1.42032568366,-2.08605924058,-1.63002623717
52,-1.46945584302,-2.3442111043,-1.33059545643,-2.70402877692,-2.16397980911,-5.97270115514,-6.97513845253,-5.55332895093,-3.28852214692,-3.50629586845,-4.71632382278,-5.90108282952,-5.03878086722,-1.97521184754,-4.6500103224,-3.8682205789,-3.95659951597,-3.4092887096,-1.27299679246,-0.872087424769,-1.3177937533,-1.3769659136,-1.2235361949,-1.86174679325,-1.28660028024,-1.39011942828,-1.71286328793,-1.08741849719,-2.17196695116,-1.64612105481,-2.30715138784,-3.21322348439,-1.5768577767,-1.68652805189,-1.44748150024,-1.9471185041,-1.61355870146
53,-2.56652798059,-3.88559944017,-2.70225741929,-4.46204643698,-4.39677852291,-6.09007727364,-7.07004872509,-6.60229935979,-5.48890624236,-5.6772325928,-5.41261454623,-6.55945633216,-5.4054563499,-3.85616465725,-5.99109636616,-5.04764131134,-5.01203914934,-4.89747048369,-2.14986572904,-1.08574096359,-2.43783316793,-3.1596838628,-2.52129158593,-2.80825562411,-2.41353813436,-2.23957509232,-4.04159444476,-1.53741656911,-3.6229056956,-3.76846521267,-4.53993832657,-4.36398939765,-2.92259148479,-3.70770465048,-2.28477967514,-3.72514777232,-3.99204891745
54,-2.55083616432,-3.62886518562,-2.0445943374,-4.53729583008,-4.53471477461,-6.37169639786,-7.01003866165,-6.57503501107,-5.40859469759,-5.59523299674,-5.56140826308,-6.55975068914,-5.22218966931,-3.51708754628,-6.11732865623,-4.95368556772,-4.81982068052,-4.75818386746,-2.15460816113,-1.11163610799,-2.26744528089,-3.15959703194,-2.43034363972,-3.32330256068,-2.42907831656,-2.90332766767,-3.5493243203,-1.83476416472,-3.99490680015,-3.96130020333,-4.27439443804,-4.16674414156,-2.93433983176,-3.59377478487,-2.79808142289,-3.89494549382,-3.39581067256
55,-1.50488727128,-2.3993047865,-1.28421156505,-2.60803371769,-2.07312773436,-5.94031044777,-7.03242111208,-5.11626669005,-3.27896358697,-3.8273547152,-4.34119752308,-6.23343220355,-5.35798921507,-1.94661062104,-4.60126252653,-4.17481590613,-3.9887128205,-3.02387293656,-1.27851354061,-0.860255990876,-1.29748481049,-1.41283781102,-1.21383129288,-1.89476608201,-1.2583258562,-1.3757586265,-1.88197225555,-1.09928335414,-2.27005335334,-1.6855561281,-2.15135671869,-3.04352174106,-1.66519330673,-1.6808189063,-1.3922150289,-1.95413011576,-1.63368423239
56,-1.47278341576,-2.31737856172,-1.31923942926,-2.6122611547,-1.99648339417,-6.17237661677,-7.00766750308,-5.38753892183,-3.09329517546,-3.54687708341,-4.6640593524,-5.91558949766,-4.88692116785,-2.19930911456,-4.56315087269,-3.68993240671,-3.73825343414,-3.38207966505,-1.31386107449,-0.890771787595,-1.29031523347,-1.37795029619,-1.22560843351,-1.75900103936,-1.2663652613,-1.3600835045,-1.6973918648,-1.10573070263,-2.29732076447,-1.70860015829,-2.31213932367,-3.17404261204,-1.61117996629,-1.73326391503,-1.43140867507,-1.84131907201,-1.64069604648
57,-1.47571393915,-2.45039449135,-1.2532137394,-2.45526952867,-1.92075955959,-6.24613416412,-7.05894336554,-5.24612611966,-3.1350896139,-3.53037468637,-4.30131304358,-6.00446463392,-5.20889027405,-2.06886016886,-4.90613049006,-4.12080887557,-3.91810865624,-3.1808134127,-1.25014084015,-0.891015146277,-1.28430031202,-1.39607384913,-1.22778521939,-1.76094796418,-1.26562298933,-1.36343995405,-1.75740143223,-1.06867335992,-2.27626241179,-1.66520556657,-2.36768678468,-3.17497957102,-1.76812542252,-1.71681984859,-1.41283107628,-1.98995764159,-1.58862971567
58,-2.6079548238,-3.97218955856,-2.21005483032,-4.48636900901,-4.23726718746,-6.19290652584,-7.06672000616,-6.61352250375,-5.48941574421,-5.58229373114,-5.55011384183,-6.58640120268,-5.27979566193,-3.60532327095,-6.33239940823,-4.99255272816,-4.87797296594,-4.97970824892,-2.10579625499,-0.974969364685,-2.38882885054,-3.05578386196,-2.7348044841,-2.75367168748,-2.23176050306,-2.47037130652,-3.18840341388,-1.83747309299,-3.37886549431,-3.73328781188,-4.2634242629,-4.41148928093,-2.76736858511,-3.95892091369,-2.76539726749,-3.82672235189,-3.57583411144
59,-2.66981832614,-3.97817230725,-2.69167454363,-4.42101818152,-3.95128993553,-6.18911274269,-7.15899590835,-6.78492924211,-5.46943381491,-5.61484791046,-5.44730592097,-6.54759367684,-5.46009768997,-3.7274009905,-6.33446315496,-4.98730614773,-4.85031754715,-4.62230975446,-2.02805971173,-1.06483789562,-2.46574432579,-2.89946751252,-2.40981712056,-2.8161266211,-1.98281866172,-2.58844698573,-3.56463205152,-1.79972486852,-3.75677625566,-3.55940560501,-4.26039815815,-4.42219428327,-3.42761651945,-4.00678129825,-2.55238362625,-4.08503119431,-3.89437922978
60,-1.50316320043,-2.53916367133,-1.28227635538,-2.60630940803,-2.1966694477,-6.20107613701,-7.07375180647,-5.35253531405,-3.03208015993,-4.00266492448,-4.59037906077,-6.01075517479,-5.03053602775,-1.94130370969,-4.41279724782,-4.19211182048,-3.85766685994,-3.58607080834,-1.28313459421,-0.867013626879,-1.27218913235,-1.40438672501,-1.2089197819,-1.80646215824,-1.292235328,-1.36440135448,-1.5789201953,-1.10634868176,-2.41839689661,-1.67741700815,-2.34738614671,-2.66082906589,-1.68952668006,-1.69949116284,-1.40933752994,-2.06270868789,-1.65796508966
